$coord
   -3.51237517121682      1.09449187835148     -1.90594771425326      c
   -1.04523705524458     -0.38634003547787     -1.88104587683407      c
    0.50609587672405      0.10106384319620      0.48810142630461      c
    1.04862292515008      2.08509468745367      0.61329042624634      h
    2.25441483942089     -0.99966786998590      0.48044751314115      h
   -0.55295570316219     -0.37470195697033      2.18855347889672      h
   -1.73115212802533     -2.96125402019338     -2.11748920081978      o
    0.05899442103437      0.23112600554612     -3.53315906136977      h
   -0.29870333020997     -3.99487211011300     -1.71019174189612      h
   -5.09078031535901      0.50138553685070      0.13513744232401      o
   -4.45564014269375      0.78328648988685     -3.73065666479799      h
   -3.08753431855112      3.11083858456843     -1.78599610801779      h
   -5.40006139424021     -1.28753054633857      0.07076606833839      h
$redundant
     number_of_atoms            13
     degrees_of_freedom         33
     internal_coordinates       33
     frozen_coordinates          0
# definitions of redundant internals
   1 k  1.0000000000000 tors    6    3    2    1 val=  58.83026
        1.0000000000000 tors    6    3    2    7
        1.0000000000000 tors    4    3    2    1
        1.0000000000000 tors    4    3    2    7
        1.0000000000000 tors    5    3    2    1
        1.0000000000000 tors    5    3    2    7
   2 k  1.0000000000000 stre    3    6           val=   2.05900
   3 k  1.0000000000000 stre    3    4           val=   2.06068
   4 k  1.0000000000000 stre    3    5           val=   2.06598
   5 k  0.4239720526400 bend    4    6    3      val=   1.48921
        0.4396444530137 bend    5    6    3
        0.3956193011980 bend    5    4    3
       -0.3884215775014 bend    2    6    3
       -0.4026483529285 bend    2    4    3
       -0.3967981905824 bend    2    5    3
   6 k -0.3576563885670 bend    4    6    3      val=   0.40776
       -0.2923803352093 bend    5    6    3
        0.6945039889290 bend    5    4    3
       -0.4584154661257 bend    2    6    3
        0.1970025214345 bend    2    4    3
        0.2351704140132 bend    2    5    3
   7 k  0.6105490567267 bend    4    6    3      val=   0.33492
       -0.6319290949732 bend    5    6    3
        0.0430412927617 bend    5    4    3
       -0.0278668470884 bend    2    6    3
        0.3441541723739 bend    2    4    3
       -0.3268398076197 bend    2    5    3
   8 k  0.2061357178654 bend    4    6    3      val=   0.49321
        0.2386567936764 bend    5    6    3
       -0.4522924907604 bend    5    4    3
       -0.6756462754274 bend    2    6    3
        0.3740506186862 bend    2    4    3
        0.3155483300787 bend    2    5    3
   9 k -0.3470559783327 bend    4    6    3      val=   0.04306
        0.3242620984334 bend    5    6    3
        0.0224743414024 bend    5    4    3
        0.0322742900445 bend    2    6    3
        0.6066193901259 bend    2    4    3
       -0.6362958660301 bend    2    5    3
  10 k  1.0000000000000 stre    2    8           val=   2.08088
  11 k  0.6315156234412 bend    7    8    2      val=   4.30463
       -0.7551551105726 bend    3    8    2
        0.1758657906636 bend    1    8    2
  12 k -0.5281143786660 bend    7    8    2      val=   0.65740
       -0.2528570955682 bend    3    8    2
        0.8106531269705 bend    1    8    2
  13 k  1.0000000000000 tors    9    7    2    1 val=  75.15226
        1.0000000000000 tors    9    7    2    3
  14 k  1.0000000000000 stre    7    9           val=   1.81278
  15 k  1.0000000000000 bend    2    9    7      val= 109.04740
  16 k  1.0000000000000 stre    1   12           val=   2.06411
  17 k  1.0000000000000 stre    1   11           val=   2.07754
  18 k  0.0430512144396 bend   11   12    1      val=   0.36265
       -0.4813194483746 bend   10   12    1
       -0.5307738775110 bend   10   11    1
        0.4972027691903 bend    2   12    1
        0.4873876063393 bend    2   11    1
  19 k  0.0171912064672 bend   11   12    1      val=   1.27643
        0.5629557333391 bend   10   12    1
       -0.5172566136494 bend   10   11    1
        0.4466268622169 bend    2   12    1
       -0.4644947215018 bend    2   11    1
  20 k  0.9038129458838 bend   11   12    1      val=   2.26055
       -0.2076638381579 bend   10   12    1
       -0.1730689231894 bend   10   11    1
       -0.2260127741118 bend    2   12    1
       -0.2428235222107 bend    2   11    1
  21 k -0.0180809128130 bend   11   12    1      val=   2.14540
       -0.4554120481415 bend   10   12    1
        0.4552504594347 bend   10   11    1
        0.5587255846851 bend    2   12    1
       -0.5223463287917 bend    2   11    1
  22 k  1.0000000000000 tors   13   10    1    2 val= -57.32284
  23 k  1.0000000000000 stre   10   13           val=   1.81660
  24 k  1.0000000000000 bend    1   13   10      val= 107.14540
  25 k  1.0000000000000 tors    7    2    1   10 val=   1.28114
        1.0000000000000 tors    3    2    1   10
  26 k  1.0000000000000 stre    2    7           val=   2.67518
  27 k  1.0000000000000 stre    2    3           val=   2.87351
  28 k  0.8390511485858 bend    3    7    2      val=   6.90697
       -0.4335165574796 bend    1    7    2
       -0.3287195833046 bend    1    3    2
  29 k  0.5305415829382 bend    3    7    2      val= 110.37079
        0.5181600172555 bend    1    7    2
        0.6708470953140 bend    1    3    2
  30 k  0.1204939783984 bend    3    7    2      val=  11.04683
        0.7372744339178 bend    1    7    2
       -0.6647613182646 bend    1    3    2
  31 k  1.0000000000000 stre    1   10           val=   2.64748
  32 k  1.0000000000000 bend    2   10    1      val= 112.90477
  33 k  1.0000000000000 stre    1    2           val=   2.87754
        33 non zero eigenvalues  of BmBt
           1           5.741060415    1    0
         1
           2           4.568159159    2    0
         2
           3           3.643011727    3    0
         3
           4           3.583229977    4    0
         4
           5           3.344427392    5    0
         5
           6           3.109708151    6    0
         6
           7           2.717491740    7    0
         7
           8           2.481821570    8    0
         8
           9           2.257336075    9    0
         9
          10           2.154486875   10    0
        10
          11           1.844559744   11    0
        11
          12           1.576088606   12    0
        12
          13           1.203990964   13    0
        13
          14           1.072790431   14    0
        14
          15           0.928853776   15    0
        15
          16           0.862381543   16    0
        16
          17           0.759083503   17    0
        17
          18           0.692840642   18    0
        18
          19           0.689634447   19    0
        19
          20           0.517461070   20    0
        20
          21           0.476086946   21    0
        21
          22           0.464443906   22    0
        22
          23           0.383087355   23    0
        23
          24           0.378423564   24    0
        24
          25           0.312211680   25    0
        25
          26           0.278965659   26    0
        26
          27           0.269678867   27    0
        27
          28           0.232929730   28    0
        28
          29           0.175181477   29    0
        29
          30           0.096180635   30    0
        30
          31           0.067026972   31    0
        31
          32           0.063712018   32    0
        32
          33           0.032649331   33    0
        33
$user-defined bonds
$end
